x     0.000 1.000 2.000 3.000 4.000 5.000 6.000 7.000 8.000
0.000 0.000 1.000 4.000 9.000 16.000 25.000 36.000 49.000 64.000
1.000 1.000 2.000 5.000 10.000 17.000 26.000 37.000 50.000 65.000
2.000 4.000 5.000 8.000 13.000 20.000 29.000 40.000 53.000 68.000
3.000 9.000 10.000 13.000 18.000 25.000 34.000 45.000 58.000 73.000
4.000 16.000 17.000 20.000 25.000 32.000 41.000 52.000 65.000 80.000
5.000 25.000 26.000 29.000 34.000 41.000 50.000 61.000 74.000 89.000
6.000 36.000 37.000 40.000 45.000 52.000 61.000 72.000 85.000 100.000
7.000 49.000 50.000 53.000 58.000 65.000 74.000 85.000 98.000 113.000
8.000 64.000 65.000 68.000 73.000 80.000 89.000 100.000 113.000 128.000
